ballZ = -10;
baseZ = 160;
homePosition = [175 0 -34.28];
basePosition = [180 0 baseZ];
heavyBlue = [35 -240 90];
heavyYellow = [140 -240 90];
heavyGreen = [220 -240 90];
lightBlue = [35 240 90];
lightYellow = [140 240 90];
lightGreen = [220 240 90];